the first ^ 1 112 1270 5441 5691 5695 8992
book of ^ 3 3287
1 : ^ 9 21 54 69 90 115 142 172 190 220 248 290 330 342 384 409 440 459 488 500 533 574 604 616 653 692 751 777 833 883 929
in the ^ 11 126 352 392 446 527 593 601 762 864 1054 1079 1223 1430 1772 1823 1949 1952 2007 2327 2730 2852 2908 2980 3293 3301 3329 4003 4060 4156 4298 4380 4439 4880 4891 4940 5231 5292 5329 5405 5435 5621 5682 5690 5738 5834 6206 6229 6398 6441 6488 6773 6995 7043 7486 7527 8096 8461 8569 8588 9087 9258 9267 9403 9409 9434 9460 9531 9551 9560 9694 9832 10377 10492 10647 10704 10879 11023 11030 11188 11621 11940 12005 12031 12052 12060 12083 12107 12116 12120 12389 12426
the beginning ^ 12 7026 8969
god created ^ 14 536 754 766 1032 3297
the heaven ^ 16 200 356 396 450 5269
heaven and ^ 17 179 10042 10122
and the ^ 18 23 42 99 105 108 180 183 230 266 292 307 332 335 426 490 493 606 609 949 952 964 1064 1139 1170 1230 1293 1305 1311 1334 1354 1362 1387 1443 1559 1594 1740 1801 1909 1981 2056 2084 2100 2116 2174 2407 2619 2656 2748 2930 2949 3070 3145 3369 3967 4103 4129 4134 4211 4343 4371 4607 4683 4848 4917 4926 4967 5073 5081 5091 5112 5125 5137 5171 5260 5265 5297 5344 5357 5365 5375 5401 5425 5614 5933 5941 6048 6053 6414 6468 6483 6552 6873 6888 6933 6951 6971 7025 7062 7134 7138 7142 7148 7152 7156 7162 7166 7170 7186 7299 7494 7619 7628 7640 8128 8149 8231 8407 8456 8466 8745 8792 9026 9070 9079 9082 9297 9515 9567 9583 9589 9598 9658 9664 9670 9676 9734 9744 9947 9952 9957 10073 10176 10253 10746 10750 10756 10760 10764 10770 10774 10778 10782 11010 11071 11094 11121 11677 12101 12343 12488 12575 12601 12694
the earth ^ 19 24 255 283 293 402 456 525 602 623 643 661 679 738 749 798 831 857 890 908 965 1047 1062 1080 1104 1126 2807 2853 2887 2909 3928 4004 4061 4091 4120 4203 4212 4224 4243 4264 4282 4415 4440 4535 4696 4713 4737 4768 4829 4876 4931 5007 5088 5108 5122 5143 5185 5208 5277 5302 5341 5381 5506 5649 5709 5754 5826 5835 5845 5887 5996 6044 6064 6080 6230 6299 6317 6356 6415 6432 6518 6548 6996 7348 7487 7722 7754 7771 8343 9372 9385 12636
: and ^ 22 55 64 70 81 91 116 143 167 173 191 215 221 240 249 285 291 322 331 343 385 404 410 441 460 480 489 501 534 566 575 605 617 648 654 684 693 709 778 804 834 884 924 930 977 1008 1069 1138 1169 1192 1240 1292 1310 1333 1361 1386 1442 1470 1505 1520 1558 1575 1593 1619 1670 1678 1739 1800 1849 1908 1938 1958 1980 1998 2026 2055 2083 2115 2166 2240 2365 2406 2429 2522 2550 2575 2601 2655 2712 2720 2747 2776 2800 2856 2929 2966 2992 3006 3030 3037 3042 3047 3053 3078 3102 3126 3144 3153 3211 3250 3337 3368 3383 3392 3406 3411 3426 3447 3460 3465 3477 3498 3511 3516 3527 3548 3561 3566 3602 3616 3621 3638 3657 3671 3676 3712 3728 3734 3745 3760 3782 3796 3801 3818 3852 3874 3888 3893 3901 3912 3966 4049 4079 4102 4188 4219 4246 4312 4398 4481 4555 4606 4654 4740 4753 4771 4858 4925 5026 5051 5072 5080 5111 5136 5177 5238 5279 5296 5310 5332 5374 5384 5400 5424 5456 5483 5591 5613 5652 5676 5711 5736 5758 5848 5901 5932 6022 6047 6142 6215 6237 6254 6275 6320 6359 6418 6446 6482 6521 6551 6573 6590 6600 6616 6636 6659 6704 6723 6743 6786 6799 6812 6835 6872 6887 6932 6950 6970 6982 7024 7071 7086 7102 7120 7133 7147 7161 7173 7185 7298 7316 7327 7361 7377 7388 7399 7417 7478 7493 7508 7538 7572 7618 7639 7665 7724 7756 7799 7817 7852 7864 7884 7898 7918 7930 7950 7964 7984 7996 8014 8049 8088 8109 8166 8230 8242 8288 8319 8335 8366 8382 8438 8465 8484 8500 8531 8551 8563 8572 8592 8657 8703 8744 8756 8765 8791 8811 8875 8883 8900 8930 8946 8994 9006 9025 9056 9078 9091 9177 9244 9296 9361 9454 9558 9597 9615 9648 9733 9766 9788 9814 9848 9856 9891 9926 9956 9999 10010 10022 10047 10072 10094 10234 10265 10279 10293 10332 10360 10373 10390 10420 10438 10480 10511 10527 10556 10599 10613 10624 10668 10755 10769 10797 10812 10859 10897 10908 10926 11009 11036 11070 11093 11120 11158 11196 11247 11254 11270 11287 11324 11342 11349 11412 11437 11475 11516 11571 11596 11662 11676 11707 11735 11817 11832 11854 11875 11945 11961 12017 12038 12073 12100 12112 12128 12147 12172 12228 12271 12303 12334 12371 12393 12487 12574 12587 12600 12693
earth was ^ 25 4213 7497
, and ^ 29 98 132 149 208 265 298 306 372 376 380 425 471 518 540 558 585 588 596 635 639 666 672 721 729 734 740 783 792 795 800 814 822 859 892 900 940 969 1015 1082 1106 1128 1151 1212 1229 1259 1369 1485 1528 1536 1571 1583 1611 1631 1663 1690 1836 1862 1871 1889 1893 1917 1932 1988 2010 2077 2109 2137 2152 2177 2191 2232 2257 2357 2401 2439 2448 2451 2502 2533 2537 2649 2704 2742 2977 3002 3012 3069 3094 3188 3224 3322 3346 3355 3420 3439 3471 3490 3540 3574 3594 3631 3649 3684 3704 3755 3774 3811 3866 3908 3930 4027 4063 4093 4125 4128 4133 4181 4198 4210 4226 4301 4342 4360 4389 4464 4468 4472 4522 4567 4584 4704 4776 4780 4784 4809 4817 4821 4916 4946 4949 4952 4960 4966 4984 4991 4999 5012 5095 5101 5116 5191 5195 5199 5210 5256 5259 5264 5285 5315 5320 5343 5364 5548 5576 5580 5720 5723 5776 5780 5784 5813 5817 5837 5841 5853 5857 5861 5878 5882 5917 5923 6003 6008 6013 6030 6038 6041 6066 6082 6164 6222 6232 6243 6266 6293 6401 6567 6570 6608 6623 6651 6667 6675 6679 6693 6711 6768 6832 6853 6856 6859 6862 6865 6868 6880 6883 6895 6900 6940 6943 6946 6958 6961 6964 6967 6978 7033 7036 7039 7057 7061 7066 7091 7094 7097 7105 7128 7137 7141 7151 7155 7165 7169 7211 7214 7217 7244 7285 7288 7291 7294 7306 7309 7312 7366 7369 7372 7380 7383 7391 7394 7402 7405 7502 7553 7564 7651 7690 7788 7810 7825 7845 7858 7877 7892 7911 7924 7943 7958 7977 7990 8007 8022 8042 8055 8061 8079 8148 8173 8185 8225 8264 8269 8298 8304 8328 8389 8397 8406 8472 8514 8525 8541 8738 8770 8773 8777 8780 8783 8787 8869 8889 8893 8910 8914 8920 8941 9018 9021 9112 9184 9263 9273 9317 9327 9330 9333 9353 9429 9444 9478 9496 9508 9514 9549 9566 9574 9582 9588 9619 9628 9637 9657 9663 9669 9675 9708 9715 9721 9752 9777 9782 9806 9810 9822 9843 9884 9906 9910 9934 9942 9946 9951 9975 10027 10086 10140 10175 10190 10227 10252 10339 10347 10453 10462 10470 10474 10488 10495 10583 10682 10692 10745 10749 10759 10763 10773 10777 10781 10884 10904 11085 11142 11174 11303 11318 11335 11372 11420 11428 11467 11482 11531 11648 11741 11757 11782 11785 11867 11892 11898 11910 11953 11968 11977 12067 12086 12137 12163 12214 12219 12237 12280 12295 12310 12318 12339 12342 12350 12365 12540 12582 12630 12661 12708
; and ^ 32 229 365 991 1161 1180 1252 1492 1902 1925 2020 2223 2314 2489 2529 2889 2898 2911 2998 3218 3263 3318 3360 3954 4009 4272 4370 4433 4454 4575 4720 5090 5124 5145 5170 5271 5599 5624 5660 5910 5940 6467 6491 6627 6687 6755 6778 7321 7351 7532 7596 7658 8082 8127 8199 8219 8310 8360 8416 8428 8693 9239 9743 9756 10380 10542 10588 10947 11183 11508 11581 11846 11997 12326 12356 12410 12448
upon the ^ 36 48 282 401 455 678 748 830 852 907 1103 3276 4223 4242 4414 4691 4712 4767 4828 4875 4930 5006 5087 5121 5129 5142 5184 5207 5247 5301 5418 5825 5844 5886 6079 6517 6547 7610 7717 7766 8544 10518 12299
face of ^ 38 50 854 1133 2885 3926 4118 4693 4735 5131 5249 5529 5564 5729 7612 7719 7768 11064
of the ^ 39 51 129 234 355 395 449 642 660 718 726 811 819 889 897 1042 1046 1073 1086 1134 1145 1148 1195 1226 1269 1314 1337 1400 1411 1414 1473 1482 1489 1533 1541 1706 1735 1751 1754 1757 1764 1767 1775 1885 1944 1955 1969 1976 2041 2074 2142 2261 2321 2443 2496 2516 2571 2589 2592 2608 2615 2886 2974 3017 3064 3073 3279 3288 3843 3927 4068 4119 4137 4159 4327 4374 4534 4675 4736 4798 4801 4871 4899 4910 5132 5250 5268 5354 5389 5414 5444 5451 5474 5530 5565 5608 5698 5717 5730 5749 5771 5897 6063 6071 6088 6286 6290 6298 6309 6316 6368 6532 6561 6620 6823 6910 7179 7189 7432 7465 7613 8105 8208 8342 8547 8982 9002 9213 9270 9371 9384 9634 9977 10016 10034 10179 10206 10300 10407 10660 11013 11074 11097 11124 11202 11588 12091 12123 12635 12668
of god ^ 45 765 3304 3943 4018 6209
the waters ^ 52 130 137 140 152 160 197 235 507 549 591 4799 4869 5092 5113 5133 5138 5167 5298 5345 5376 5395 5426 5499 5522 5559 5643 5702 6340 6469
and god ^ 56 71 82 92 117 144 174 192 222 241 250 323 344 411 442 481 502 535 567 576 618 655 685 694 779 784 835 931 1009 4050 4220 4247 5311 5333 5759 6023 6238 6360 6522 11350 11517 11708 11833 11954
god said ^ 57 118 193 251 345 503 619 695 785 836 1446 1725 2087 2119 2410 4248 6361 6523 11518 11709 11834
said , ^ 58 119 194 252 346 504 620 696 837 1447 1622 1726 1781 2001 2029 2059 2103 2204 2245 2411 2539 2762 2779 3970 4106 6362 6726 6746 7012 7575 7643 8474 8817 10029 10237 10268 10341 10423 11039 11058 11217 11835 12174 12261 12282 12385 12396 12565 12604 12697
, let ^ 59 120 195 253 347 505 621 697 7548 7579 7685 9097
and there ^ 65 1107 1181 7691 8485 8532 8564 8995 9057 9649 9815
there was ^ 66 1108 1548 3258 8565 9058
god saw ^ 72 242 324 482 568 686 932 3944 4051
saw the ^ 73 3945 6645
the light ^ 74 85 95 475
, that ^ 76 1513 2585 2733 2918 4867 5151 5468 6434 6498 6557 7521 7696 8608 8647 8709 9035 9192 9642 10674 11110 11690 11808 12649
that it ^ 77 244 326 484 570 688 1864 8683 9193 11111
it was ^ 78 169 217 245 287 327 406 485 571 650 689 926 945 1077 1256 1865 4231 5103 9194 10684
was good ^ 79 246 328 486 572 690 1858
good : ^ 80 1300
divided the ^ 84 151
from the ^ 87 139 159 362 477 1125 1966 2466 2546 2796 2806 2883 2971 4116 5276 7518 8953 9251 9320 9970 10727 11062 12159
the darkness ^ 88 100 478
god called ^ 93 175 223 1984
called the ^ 94 176 224 3014 11199
day , ^ 97 424 1014 12008
he called ^ 102 3265 3820
the evening ^ 106 181 333 491 607 950 5622
were the ^ 111 186 338 496 612 955 5448 6907 7176 7411 7482
be a ^ 123 2902 6351 6991 8314 10571 11162 11376 11462 11585 11761
and let ^ 133 209 366 386 597 710 7597
divide the ^ 136 359 474
god made ^ 145 412 656 1060 3305 5334 6210
made the ^ 146 436 657 1061 1198
the firmament ^ 147 157 165 177 353 393 447
which were ^ 154 162 4040
under the ^ 156 199 5154 12223 12362
above the ^ 164 524 5107
and it ^ 168 216 286 405 649 925 2721 2912 3913 4080 4094 4576 4859 5102 5457 5677 6402 6419 7509 8593 8704 9455 10669 10683 11582 12449
the second ^ 187 1315 4892 5739
let the ^ 196 210 254 506 622
earth ; ^ 228 2888 2910 4121 5089 5123 5144 5827
saw that ^ 243 325 483 569 687 1854 4052 10912 10951
bring forth ^ 257 509 625 2220 2310 5794 6226
, the ^ 260 1684 2060 2104 2414 4034 4252 4335 4648 4664 4680 4845 4895 4902 4955 5694 5701 5727 6639 7254 7263 7646 8138 8143 8718 10113 10118 10297 10736 10821 11297 11489
the herb ^ 261 2319
yielding seed ^ 263 301 873
seed , ^ 264 848
the fruit ^ 267 868 1752 1765 1886 2590
tree yielding ^ 269 309 872
after his ^ 272 303 319 563 630 645 663 681 3357 4537 4988 5009 5016 6920 9967
kind , ^ 274 305 557 632 665 671 4521 4528 4539 4990 4998 5011 5018
, whose ^ 275 312 7589 10806
is in ^ 278 1771 4438 9441 10983
, upon ^ 281 5417 6074
earth : ^ 284 403 5278 5568 5710 7723 7755 9373 10044
brought forth ^ 295 551 10005
seed after ^ 302 6270 11450 11471 11486 11534 11558 11871
the tree ^ 308 1218 1231 1412 1768 1856 2042 2075 2262 2444 2517 12224 12363
was in ^ 315 1078 5230
, after ^ 318 554 705 3020 5889 6923 7232 7236 7443 7447 7455 7470 9303 10872 12470
the third ^ 339 1338
firmament of ^ 354 394 448 530
the day ^ 360 423 465 1055 1431 1824 1956 3294 3330 12124
day from ^ 361 998 2882
the night ^ 363 432 469
let them ^ 367 387 711 10194
be for ^ 369 389 880 4579 6405
days , ^ 379 4703 4866 5467
years : ^ 382 3382 3405 3459 3510 3560 3615 3670 3725 3795 3887 6811 8241
to give ^ 398 452 10411
; the ^ 417 1217
to rule ^ 421 430 462
: he ^ 434 3083 3111 6987 6999 11640
the stars ^ 437 10350
earth , ^ 457 739 799 858 891 909 1081 1105 1127 2808 3929 4062 4092 4225 4416 4830 5186 5209 5342 5836 5888 6065 6081 6231 6433 9386 10124
and to ^ 461 472 885 893 901 1381 1529 1537 2389 2626 2636 3251 6244 9354 11468 11483
rule over ^ 463 2236 2708
over the ^ 464 468 715 723 731 808 816 5340 6431
day and ^ 466 6015
and over ^ 467 722 730 735 741 815 823
the fourth ^ 497 1355 10648
forth abundantly ^ 510 552 6227
creature that ^ 514 544 6280 6381
life , ^ 517 914 2447 4428 4889 5225 12539
of heaven ^ 531 4920 5360 10041 10121
and every ^ 541 559 673 860 1070 1083 1486 4434 4721 4985 5000 5013 5211 5239 5316 5879 6378 6460 6508 11175
every living ^ 542 825 1510 4484 4722 5240 5317 5798 6278 6379 6461 6509
living creature ^ 543 628 1511 6279 6380 6462 6510
that moveth ^ 545 828 6077
, which ^ 547 849 1597 2809 5490 6130 6453 6535 7631 7674 8985 9010 9439 9520 9536 9608 9624 9916 9990 10055 11263 11546 11632 11929 12430 12510
which the ^ 548 1598 1709 3846 7632 10169
after their ^ 555 669 4519 4526 4996 5890 6924 7233 7237 7444 7448 7456 7471
them , ^ 579 782 788 3321 3936 4033 4975 6034 7673 9034 9897 9909 12152
, be ^ 582 789 6035 6218 12211
forth the ^ 626 5604 5663
cattle , ^ 634 733 1527 2136 5194 5258 5816 6292 8937
creeping thing ^ 637 744 4131 4532 5002 5203 5821 5876
every thing ^ 674 903 934 4435 4824 5985
thing that ^ 675 745 827 904 935 4436 4825 5003 5204 5800 5822 6102 10148
let us ^ 698 7549 7580 7598 7686
man in ^ 701 756
image , ^ 704 760
the fowl ^ 724 817 1531 5266 6287
the cattle ^ 732 4994 5323 6291
all the ^ 737 856 971 2158 2295 3394 3449 3500 3550 3604 3659 3714 3784 3876 4695 4907 4993 5147 5322 6085 6801 7258 7721 7753 7770 9187 9234 9340 9631 9770 9931 11498 12075 12632
: so ^ 752 2482 5638 7708 8348 9374
in his ^ 757 3351 4178 5945 7344 9875 11788 11974
, in ^ 761 863 1053 3300 3328 4890 5628 5689 6927 7042 7240 7451 7474 8102 8938 12388
created he ^ 767 774 3315
him ; ^ 769 3308 8359 11182
male and ^ 771 3312 4512 4650 4666 4682 4847 5060
said unto ^ 786 1717 1743 1804 1990 2088 2120 2659 2751 2859 2933 3156 4249 4610 6032 6524 8254 8611 9094 9300 10078 10363 10393 10441 10559 10815 10929 10975 11077 11100 11127 11305 11519 11710 11820 12013 12374 12491
unto them ^ 787 3935 6033 6837
it : ^ 803 1018 1427 2278
, behold ^ 838 942 2412 4228 4274 4400 5725 6257 7644 8616 10269 10295 10687 10818 10978 11130 11364 12386
behold , ^ 839 943 2413 2874 4229 4275 4401 5726 6258 7645 10270 10296 10979 11131 11238 11365 11886 12387
, i ^ 840 915 2002 2205 2540 2763 4107 4276 4402 5948 6259 8619 8673 9103 9136 10103 10157 10396 10956 11059 11103 11308 11752 11880 11887 12192 12207 12397 12554
i have ^ 841 916 2541 3180 4113 4146 4726 5990 6537 10104 10158 10939 11881 11888 12181 12477
given you ^ 843 6118
every herb ^ 845 1084
which is ^ 850 866 1770 6131 6454 9440 9521 9537 9609 9625 9917 9991 11633
of all ^ 855 2381 3116 3960 4255 4487 4561 4694 5040 5063 5227 5806 6464 6512 7257 7720 7752 7769 10069 11191
every tree ^ 861 1204 1398 1733
tree , ^ 862 2043 2076 2263 12364
is the ^ 867 2281 3285 4315 4424 5045 6132 6365 6529 6576 7736 9538 9992
of a ^ 870 6342 6409 10564 12504
a tree ^ 871 1873
seed ; ^ 874 2184
; to ^ 875 4686
it shall ^ 878 2186 2834 2913 4577 6403 6420 8635 11112 11583
shall be ^ 879 1639 1673 1833 1839 2227 2700 2901 2943 3200 3991 4330 4510 4578 6058 6105 6404 6438 6486 6758 6781 10327 10570 11397 11567 11584 11604 11666 11693 11760 11770 12638
for meat ^ 881 922
to every ^ 886 894 902 1538 6313
every beast ^ 887 1480 1539 2140 4986 5872 6061 6158 6296 6314
every fowl ^ 895 1487 5014 5880 6069
, wherein ^ 910 4422 5043
there is ^ 912 1287 1302
green herb ^ 920 6114
that he ^ 936 3982 4085 8609 8896 8917 12650
he had ^ 937 988 1004 1024 1188 2640 3375 4086 5478 8767 8897 8918 8987 12347
had made ^ 938 989 1005 1713 4087 5479
and , ^ 941 4227 4273 4399 5625 5724 10280 10294 10543 12138 12411
, it ^ 944 1448 2833 4230 11239
was very ^ 946 2646 8726 8933
good and ^ 948 1236 1418 1845 2426
2 : ^ 959 976 1007 1036 1068 1117 1137 1168 1191 1239 1265 1291 1309 1332 1360 1385 1408 1441 1469 1519 1557 1592 1618 1651 1677
: thus ^ 960 4589
the heavens ^ 962 1043 1065
and all ^ 970 3393 3448 3499 3549 3603 3658 3713 3783 3875 4616 4992 5146 5178 5321 6542 6800 8398 8894 8915 9778 11969 11978 12074 12631
of them ^ 974 1912 6592
on the ^ 979 995 2986 3924 4090 5410 5440 5562 5743 5928 8509 8522 8528 8999 9919 12596
the seventh ^ 980 996 1012 5406
which he ^ 987 1003 5477 8986 12346 12686
and he ^ 992 1572 1576 1715 1903 1999 2027 2233 2490 2760 2777 3007 3264 3384 3407 3461 3512 3562 3617 3632 3672 3735 3797 3819 3889 5484 5592 5653 6609 6617 6628 6724 6744 6769 6813 8501 8757 8766 8774 8947 9892 9927 10011 10023 10064 10333 10361 10374 10381 10391 10421 10439 10481 10557 10898 11037 11159 11184 11597 11649 11946 12113 12129 12327 12335 12357 12383 12394 12563
from all ^ 999 1027 6304
all his ^ 1000 1028 11192
that in ^ 1021 1822
and made ^ 1034 1933
and of ^ 1045 2614 3095 4482 4523 4655 4810 4818 4822 5192 5196 5200 5814 5818 5918 6294 6591 7503 9976
they were ^ 1050 1680 1922 2728 3333 3951 5273
that the ^ 1057 1453 1855 3940 4053 4747 4868 5642 6435 12678
the lord ^ 1058 1094 1140 1171 1199 1363 1388 1444 1476 1560 1599 1710 1945 1970 1982 2085 2117 2394 2408 2460 2547 2598 2620 2657 2749 2861 2931 2950 2975 3280 3847 3968 4083 4104 4160 4608 4748 5074 5908 5934 5942 6750 7006 7021 7620 7641 7710 7745 7761 8251 8354 8467 8492 8539 8548 8793 9003 9202 9214 9292 9298 9451 10111 10207 10301 10378 10399 10708 10822 10964 11014 11075 11098 11125 11151 11203 11298 12102 12489 12522 12602 12669 12679 12695
lord god ^ 1059 1095 1141 1172 1200 1364 1389 1445 1477 1561 1600 1711 1946 1971 1983 2086 2118 2395 2409 2461 6751 10239 10425
the field ^ 1074 1087 1483 1542 1707 2143 2322 2731
: for ^ 1092 1428 2352 3178 3230 4699 6204 9041 9338 10656 11214 12250 12644
for the ^ 1093 4263 5542 5558 5964 8583 10657 12521
god had ^ 1096 1601 1712 4853 5068 12011
had not ^ 1097 2641
it to ^ 1100 4572 4709 10384
was not ^ 1109 1549 3737 9029
a man ^ 1111 1655 2544 3183 9378
man to ^ 1112 3184 3192
the ground ^ 1115 1135 1149 1196 1474 2282 2342 2474 2572 2593 2797 2831 3844 5251 5531 5731 5954 12168
: but ^ 1118 1409 1762 2632 4151 4445 5535 6123 8155 9281 10503 10645 10972 11920
there went ^ 1120 4834 9650
went up ^ 1121 8903 11956
the whole ^ 1131 1280 1327 5155 5566 6595 7495 7614 9129
of life ^ 1159 1220 2446 2519 4427 5048 5224 12408 12538
life ; ^ 1160 2300 12409
planted a ^ 1174 6611
he put ^ 1183 2434 5571
the man ^ 1185 1367 1392 1454 1616 1685 2057 2415 2487
man whom ^ 1186 4111
out of ^ 1194 1245 1472 1648 2346 5607 5896 6308 7050 7110 8260 8378 8905 10322 10404 11433
that is ^ 1206 1275 1344 4437 4564 5801 6281 6382 6515 6545 10149 10577 11599 11618 11642 11651 11799 11809
to the ^ 1209 1530 1868 4357 9156 9164 9173 9762 10098 10853 12405 12535
sight , ^ 1211 12187
and good ^ 1213 12316
for food ^ 1215 1860 4580
tree of ^ 1219 1232 1399 1413 1734 2445 2518
the garden ^ 1227 1250 1374 1401 1736 1758 1776 1950 1977 2008 2467 2497 9211
and a ^ 1241 1872 2503 2846 2905 3189 7586 10454 10463 10471 10475 10693
went out ^ 1244 2969 9651 9962
of eden ^ 1246 1376 2469 2499 2989
and from ^ 1253 2890 7757 8265 8270
from thence ^ 1254 7715 7758 8504 12580
: the ^ 1266 1320 3061 4202 4324 5350 6846 7078 7278 7335 8117 8730 10742 10963
the name ^ 1267 1312 1335 1516 3015 3022 3062 3071 3277 7336 7737 8118 8129 8545 9000 11200
: that ^ 1274 1343 3939 8682 9486 10127
is it ^ 1276 1323 1345
land of ^ 1282 1329 2982 7045 7529 8098 8216 8425 8432 9219 9260 10881 11500
havilah , ^ 1284 6960 7404
, where ^ 1285 1993 2754 12377
: there ^ 1301 3999 4833
river is ^ 1317 1340 1357
the same ^ 1321 4035 4903 7079 9682 10705
toward the ^ 1349 8559 12167
the east ^ 1350 2494 2987 7433 7519 8510 8529
god took ^ 1365 3741
man , ^ 1368 1393 1605 3299 3979 4124 5255 11173
into the ^ 1373 4459 4498 4620 4793 4842 4977 5033 5554 5587 8214 8423 8430 8926 12275
it and ^ 1380 9407
to keep ^ 1382 2512 4502 4550 4687
god commanded ^ 1390 4598
, of ^ 1396 2264 4529 5226 5805 6285 6289
of every ^ 1397 1732 3137 4483 4492 4530 4542 4637 4823 5022 5201 5819 5913 5919 6157 6175 6295
, thou ^ 1421 2130 2272 2875 4462 5774 8677 11132 11209 11522 11529 11719
thou shalt ^ 1422 1437 2193 2218 2273 2316 2706 4319 4456 4569 4641 8312 10626 10635 11374 11523 11720 11848
not eat ^ 1424 1730 1785 2052 2275 6139
eat of ^ 1425 1731 1750 1786 2276 2292
of it ^ 1426 1787 2277 2293 2347 4338 4346 7739 9406 9412
for in ^ 1429 6205 7343
that thou ^ 1433 2034 2049 2096 8622 8822
surely die ^ 1439 1812
it is ^ 1449 7010 11240
is not ^ 1450 9127 10578 10663 11634 11687
i will ^ 1460 2168 2206 4108 4277 4706 5949 6322 6448 6493 8282 8290 8300 8321 9153 9170 9363 9416 10129 10143 11104 11326 11414 11422 11439 11477 11510 11737 11753 11856 11912 12230 12398 12528 12719
will make ^ 1461 8291 9364 11327 11415 11423 11894 11913
and brought ^ 1493 1612
them unto ^ 1495 9887 9913
unto adam ^ 1496 1986 2242 2386
to see ^ 1498 5519 7624
and whatsoever ^ 1506 5883
adam called ^ 1508 2367
that was ^ 1514 5229 5325
was the ^ 1515 2378 3085 3113 5221 5753 6594 7347 10013
to all ^ 1525 4595
; but ^ 1544 10315 12568
adam , ^ 1570 1987 3327
one of ^ 1579 2420
of his ^ 1580 2611 3024 4071 4971 6648 7028 8099 11684 12034 12055 12078
up the ^ 1586 5098
the flesh ^ 1587 11576 12000 12032 12053
thereof ; ^ 1590 4383
made he ^ 1607 3306 6211
woman , ^ 1610 1642 1720 1807 2091 2176
unto the ^ 1615 1718 1744 1805 2089 2121 2200 2251 2341 2597 2860 4022 5907 8445 8451 8491 8538 8960 8979 9450 10110 10732 12307
, this ^ 1623 3827 6363 6527 8652 10308
this is ^ 1624 3284 4314 6364 6528 8653 11542
of my ^ 1628 1634 10256 11065
flesh of ^ 1633 11577 11683 12001 12033 12054
flesh : ^ 1636 3986
be called ^ 1640 11390
, because ^ 1643 2015 2124 2246 3841 4796 12698
she was ^ 1645 2377 8725 8835 12560
was taken ^ 1646 2479 8748 9864
of man ^ 1649 4056 5967 6169 6186
: therefore ^ 1652 2458 7734 8633 12462
shall a ^ 1654 11792
his father ^ 1658 6649 8093
and his ^ 1660 1687 1961 2650 3103 4651 4667 4777 4781 4785 5854 5858 5862 6027 7352 8797 8890 8911 9807 9900 9943 12656
and shall ^ 1664 10584 11805
unto his ^ 1667 3157 6739
his wife ^ 1668 1688 1962 2369 2391 2527 2996 3215 4782 5859 8387 8614 8655 8891 8912 10894
wife : ^ 1669 8656 8859
and they ^ 1671 1679 1918 1926 1939 3955 4028 5027 5052 5272 5286 6694 7533 7539 7558 7573 7652 7725 8200 8220 8417 8658 8884 9245 9616 9688 9757 9767 9789 10589 12259 12366 12372 12662
they shall ^ 1672 4509 8649 10590 10606 10651 12663
man and ^ 1686 4175
wife , ^ 1689 2256 4471 4783 4965 5779 5860 8135 8388 8615 8865 8892 8913 11718
3 : ^ 1695 1738 1761 1799 1815 1848 1907 1937 1979 1997 2025 2054 2082 2114 2165 2198 2239 2302 2325 2364 2384 2405 2457 2481
: now ^ 1696 6817 8065 8249 8860 10786 12436
the serpent ^ 1698 1745 1802 2105 2122
he said ^ 1716 2000 2028 2203 2244 2761 2778 6725 6745 8610 10362 10392 10422 10440 10558 11038 12384 12395 12564
the woman ^ 1719 1741 1806 1852 2061 2090 2101 2175 2201 8722 8746
yea , ^ 1722 11751
, hath ^ 1723 3236
ye shall ^ 1728 1783 1809 1838 11548 11573 12246
shall not ^ 1729 1784 1810 2835 3974 6018 10310 11113
it , ^ 1788 1794 6163 6497 9352 12294
neither shall ^ 1790 6330 6346 11384
shall ye ^ 1791 6137
, lest ^ 1795 2432 2957 7604 10152
: 5 ^ 1816 3366 3390 3424 3445 3475 3496 3525 3546 3578 3600 3636 3655 3688 3710 3726 3780 3816 3872
for god ^ 1818 3231 3740
know that ^ 1821 8621 10431
thereof , ^ 1828 1888 6129 6135
, then ^ 1829 9151 9168 9387
and when ^ 1850 9857 10512 10528 10909 10948 10995 11288 12148
when the ^ 1851 4015 4761 8641 10513 10529 10677
the eyes ^ 1869 1910 4157
to be ^ 1875 2066 6604 6990 10892 11461 12452
, she ^ 1882 2070 3129 8845 11002
took of ^ 1884 5912
did eat ^ 1891 1905 2080 2112 12368
unto her ^ 1897 11078 11101 11128 11207
her husband ^ 1898 10889
with her ^ 1900 11000
were opened ^ 1915 4922
knew that ^ 1920 5641
that they ^ 1921 3950 5829 7522 7697 8402 8410 8648 9036 9049
and said ^ 1989 2538 6031 8473 8816 10028 10340 11304 11786 12173 12281
unto him ^ 1991 2934 3057 5552 5585 5671 6720 8358 8497 10304 10364 10394 10442 10484 11306 11797 12014 12105 12375
him , ^ 1992 2935 4600 4791 5517 6249 8924 9310 9573 9983 10026 10305 10365 10395 10443 11307 11354 11891 11952 12376 12648 12660
art thou ^ 1995 2664 2803
heard thy ^ 2004 11154
and i ^ 2011 2021 2078 2110 2167 2899 4705 6255 6321 6447 6492 8289 8299 8320 9362 11325 11413 11421 11438 11476 11509 11736 11855 11911 12229
i was ^ 2012 2017 10957
was afraid ^ 2013 12561
, who ^ 2030 8494 9801
hast thou ^ 2038 2782
thou shouldest ^ 2050 10154
with me ^ 2068 8688 10184
me , ^ 2069 2108 8662 10185 10246 11317 11363
, what ^ 2092 2780 8818 10241
is this ^ 2094 8820 10259
thou hast ^ 2097 2126 2248 2876 8823 10274 12267
thou art ^ 2131 2355 8623 8678 9324 11133 11493
shalt thou ^ 2149 2155 2290 2333 2361 2680 2849 4295 4354 4365 4377 4393 4495
thou go ^ 2150 11054
the days ^ 2159 2296 3370 3395 3450 3501 3551 3605 3660 3715 3785 3877 6802 8232 9461
of thy ^ 2161 2254 2298 2330 2787 8261 11636
thee and ^ 2173 10994 11447
thy seed ^ 2180 8477 9356 9366 9390 10369 10568 10719 11107 11449 11470 11485 11533 11557 11637
; it ^ 2185 10839
: unto ^ 2199 2385 7250 8978
multiply thy ^ 2209 11106
and thy ^ 2212 2224 4465 4469 4473 5777 5781 5785 9117 10228 11448 11532 11556
to thy ^ 2229 9355 10629 11082 11469 11484
and unto ^ 2241 2358 2697 3031 6836 7328
thy wife ^ 2255 4470 5778 8837 8864 11717 11838 12381 12416
which i ^ 2266 6371 6536 12613
thee , ^ 2269 4548 4583 5804 8303 8327 8646 8676 9106 9111 9139 10832 11334 11371 11427 11466 11481 11488 12195 12532
sake ; ^ 2286 5962 8692
also and ^ 2305 2388
forth to ^ 2311 5493 8420
to thee ^ 2312 4573 4644 9347
thee ; ^ 2313 4507 4574 11560
thy face ^ 2331 2892
bread , ^ 2336 12236
thou return ^ 2339 2362
return unto ^ 2340 12401 12530
; for ^ 2344 3739 4140 4234 4262 4623 5963 7342 8582 9120 9414 9828 11400 12558
called his ^ 2368 3226 3266 3362 3821 11257
' s ^ 2371 2772 2790 2819 3106 4887 4963 5960 5969 6178 6193 6700 7355 7704 8122 8133 8182 8196 8274 8394 8752 8807 9067 9075 9795 9798 9995 10581 10790 10863 11044 11178 11260 11994
; because ^ 2375 7743 11149
mother of ^ 2380 11763
did the ^ 2393 5166 7760
, to ^ 2423 2471 2511 3254 4417 4501 4549 5518 6312 8211 9346 10271 10410 11460 12671
now , ^ 2431 8618 10820 12723
his hand ^ 2437 5574 11167
hand , ^ 2438 5575 9150 9167
and take ^ 2440 4556 10087
also of ^ 2442 4674 5353 8733 11747
for ever ^ 2454 9358
sent him ^ 2463 8886
him forth ^ 2464 10336
he was ^ 2478 3084 3112 3736 6629 7000 8600 10012 12028 12049
out the ^ 2486 9652
man ; ^ 2488 6170 11165 12325
at the ^ 2493 2694 5462 6154 6166 6172 8968 8991 9985 12524
the way ^ 2514 11031 12597 12666
4 : ^ 2521 2549 2574 2600 2631 2654 2673 2711 2746 2775 2799 2826 2855 2872 2928 2965 2991 3029 3052 3077 3101 3125 3152 3196 3210 3249
and she ^ 2530 2551 2999 3219 5549 8784 10798 10905 11056 11197 11758
conceived , ^ 2532 3001 10916 10955
cain , ^ 2536 2661 2753 2940 2956
his brother ^ 2555 2718 2740 3104 7353 8392 9862 9939
abel and ^ 2557 2625
and abel ^ 2558 2602
was a ^ 2560 2568 4172 7001 8566 9059
sheep , ^ 2564 8769
, but ^ 2565 8663 11393 11727
cain was ^ 2567 2645
and in ^ 2576 4361 5737 7245 8336 8942 9408 9550 9559
came to ^ 2582 2723 3915 4861 5459 5679 7511 8595 8706 9457 9621 10671
to pass ^ 2583 2724 2916 3916 4862 5338 5460 5680 6423 7512 8596 8638 8707 9458 10672
abel , ^ 2603 3244
, he ^ 2604 8908 9867 9898 11616 12153
he also ^ 2605 3983
also brought ^ 2606 9936
: 4 ^ 2630 11359
unto cain ^ 2634 2660 2752
and cain ^ 2644 2713 2857 2967 2993
: if ^ 2674 3197 9143
if thou ^ 2675 2686 9144 9161 10353
well , ^ 2678 2690
thou not ^ 2681 8830
not be ^ 2682 10311 11114
the door ^ 2695 4372
unto thee ^ 2698 2839 4547 4559 9420 11465 11480 11934 12402 12531
thee shall ^ 2699 8338
be his ^ 2701 6759 6782 10893
talked with ^ 2715 11352
, when ^ 2726 3918 4014 6425 8598 8640 8711 10676 11279 12026 12047
rose up ^ 2736 12578
thy brother ^ 2758 2788 2817
i know ^ 2764 8620 10430 12646
unto me ^ 2794 8826
me from ^ 2795 10826
her mouth ^ 2813 5630
from thy ^ 2822 2891 8266 8271 12197
thy hand ^ 2823 10062
hand ; ^ 2824 10986
; a ^ 2843 6731
thou be ^ 2850 10354
be in ^ 2851 6487 11667
lord , ^ 2862 2976 8493 8540 9215 10112 12177 12670
, my ^ 2863 3971 10932 11366 12175 12480
shall i ^ 2894 10429 12476 12502 12606
i shall ^ 2900 10433
shall come ^ 2914 4545 6421 8636 10319 10652 11431
come to ^ 2915 6422 8637 12255
that every ^ 2919 4065
every one ^ 2920 6918
one that ^ 2921 9818
and dwelt ^ 2978 8226 9432
dwelt in ^ 2979 9433 9644 9803 9831
the land ^ 2981 7044 7528 8097 8215 8424 8431 8443 8462 8570 8589 9027 9088 9218 9259 9341 9401 10880 11490 11499
enoch : ^ 3005 3635
he builded ^ 3008 8534
a city ^ 3010 7584
city , ^ 3011 3019
and called ^ 3013 3225 3323 3361 8542
the city ^ 3018 7063 7626 7731
after the ^ 3021 5386 6790 6842 7489 7794 12456
his son ^ 3025 8171 8180 8193 11258 11966 12041 12070
son , ^ 3026 3223 8172 8184 8396 9800 11141 11967
was born ^ 3034 3259
begat lamech ^ 3050 3757 3766
the one ^ 3065 9249
one was ^ 3066 7339
the other ^ 3074 9252
father of ^ 3087 3115 6578 6641 7256 8145 8151 11378 11403
such as ^ 3089 3097 3118
dwell in ^ 3091 6772 11187
name was ^ 3108 7357 10808
, an ^ 3134 10546 10803
wives of ^ 3170 3959 4970
of lamech ^ 3171 3879
unto my ^ 3175 10836
for i ^ 3179 9415 12645
a young ^ 3190 10476 12323
seventy and ^ 3207 3884 8370
a son ^ 3222 3261 3349 3814 11140 11252 11745 11843 12420 12545
his name ^ 3227 3267 3363 3822 11146 11851
god , ^ 3232 4209 10038 10054 10117 10240 10426 11822
, whom ^ 3245 10604
to him ^ 3255 5619 7272 10385
enos : ^ 3269 3423
: then ^ 3270 5569 9229 9423 11775 12548
5 : ^ 3282 3310 3336 3367 3391 3410 3425 3446 3464 3476 3497 3515 3526 3547 3565 3579 3601 3620 3637 3656 3675 3689 3711 3727 3744 3759 3781 3800 3817 3851 3873 3892
of adam ^ 3291 3372
that god ^ 3296 4597
and blessed ^ 3319 10048
adam lived ^ 3339 3398
an hundred ^ 3341 3415 3625 3749 3805 3993 5304 7784 8037 11801
hundred and ^ 3342 3402 3416 3435 3456 3486 3507 3536 3557 3590 3994 5305 5391 6794 6808 7841 7873 7907 7939 7973 8038 8238 9881
thirty years ^ 3344 3404 3592 7823 7856 7890 7909 7922 7956 7988
and begat ^ 3347 3421 3440 3472 3491 3522 3541 3575 3595 3650 3685 3705 3756 3775 3812 3867 7789 7811 7826 7846 7859 7878 7893 7912 7925 7944 7959 7978 7991 8008 8023 8043 8056
and after ^ 3356 5385
after he ^ 3374 3430 3481 3531 3585 3642 3697 3764 3856 7803 7836 7868 7902 7934 7968 8000 8033
seth were ^ 3378 3453
eight hundred ^ 3380 3434 3485 3535 3589 3610 3646
hundred years ^ 3381 3647 3702 3898 4758 7785 7808 8005 10595 11802
he begat ^ 3385 3431 3482 3532 3586 3633 3643 3698 3765 3857 7804 7837 7869 7903 7935 7969 8001 8034
and daughters ^ 3388 3443 3494 3544 3598 3653 3708 3778 3870 3931 7814 7849 7881 7915 7947 7981 8011 8046
begat enos ^ 3422 3432
lived after ^ 3429 3480 3530 3584 3641 3763 3855 6789 7802 7835 7867 7901 7933 7967 7999 8032
twelve years ^ 3458 9544
ninety years ^ 3469 11292 11811 12021
begat cainan ^ 3473 3483
begat mahalaleel ^ 3523 3533
and forty ^ 3537 4717 4935
ten years ^ 3559 10877
sixty and ^ 3570 3627 3667 3680 3722 3792
begat jared ^ 3576 3587
and two ^ 3628 3668 3771 3808 4838 5038
two years ^ 3629 3669 3772 3809 7792
and enoch ^ 3677 3692 3729
begat methuselah ^ 3686 3699
three hundred ^ 3701 3720 4332 6793 9880
seven hundred ^ 3768 3882
and nine ^ 3793 7940 11295 12024
noah , ^ 3824 4251 4612 4945 4959 5314 5763 6242 6526 6556 6827 7469
because of ^ 3842 4797 8699 8803
five hundred ^ 3860 3897 7807
and noah ^ 3894 3902 4182 4189 4741 4754 4772 4961 5280 5712 5849 5902 6601 6705 6787
noah was ^ 3895 4171 4755
years old ^ 3899 4759 7786 8373 10451 10460 10468 11277 11293 11803 11812 12022 12045
shem , ^ 3905 4195 4948 6566 6829 7442
ham , ^ 3907 4197 4951 6569 6638 6831 7231 9587
and japheth ^ 3909 4199 4953 6571 6662 6833
6 : ^ 3911 3938 3965 3998 4048 4078 4101 4150 4162 4187 4201 4218 4245 4284 4311 4350 4397 4444 4480 4515 4554 4588
began to ^ 3921 6603 6989
were born ^ 3933 7331 11972
born unto ^ 3934 11796
sons of ^ 3942 4017 4957 6554 6587 6825 6848 6875 6890 6935 6953 6973 7229 7413 7440 7467
of men ^ 3948 4025 7635
which they ^ 3962 7675
, for ^ 3980 5557 6386 11503
his days ^ 3989 7345
be an ^ 3992 6605
and also ^ 4010 9638 9935 10600
after that ^ 4012 9304 12244
came in ^ 4020 5617
in unto ^ 4021 5030 5584 10835 10901
men which ^ 4039 10181
old , ^ 4043 7787 10452 10461 10469 11278 11813 12046
men of ^ 4045 9284 11991 12077
was great ^ 4058 9045
imagination of ^ 4067 5966
his heart ^ 4072 4099 5946 11789
beast , ^ 4127 5198 5873 5916
the fowls ^ 4135 10514
me that ^ 4144 8833
that i ^ 4145 4725 6499 8281 10128 10142 10432 10843
of noah ^ 4168 4885 4958 6555 6588 6804 6826 7468
generations , ^ 4180 7473 11615
three sons ^ 4192 6586
sons , ^ 4193 4467 4779 5783 5856 6029
was corrupt ^ 4206 4232
for all ^ 4235 9339
all flesh ^ 4236 4256 4420 4488 5041 5064 5179 5807 6332 6465 6479 6513 6543
unto noah ^ 4250 4611 4840 5031 5762 6241 6525
before me ^ 4260 4630 11316
with the ^ 4281 6126
make thee ^ 4286 11416
the ark ^ 4299 4328 4358 4375 4460 4499 4621 4794 4843 4978 5034 5099 5126 5293 5330 5402 5475 5555 5588 5609 5718 5772 5898 6310 6562
and shalt ^ 4302 11137 11143
and this ^ 4313 7659
which thou ^ 4318 9343
make it ^ 4321 4395
cubits , ^ 4334 4341
in a ^ 4362 10212 10574 10639
i , ^ 4403 4406 6256
, even ^ 4404 7013 7220 7270 9208
bring a ^ 4409 6428
a flood ^ 4410 6343 6352 6475
to destroy ^ 4418 6354 6477
, from ^ 4429 9140 10726 12196
with thee ^ 4447 4478 4506 5790 5796 5803 11370
will i ^ 4449 4729 5979 6150 6160 6181 8479 9349 10610 11924
i establish ^ 4450 6260 11925
my covenant ^ 4452 6262 6325 6451 11329 11367 11442 11526 11544 11664 11704 11859 11922
come into ^ 4458 8715
thou , ^ 4463 5775 8844 11530
thing of ^ 4486 4533
, two ^ 4490 4540 5036
two of ^ 4491 4541 5039
: of ^ 4516 4636 4671 4805
of fowls ^ 4517 4672 4819
for thee ^ 4582 4624
according to ^ 4594 12404 12534
all that ^ 4596 4746 5228 6076 6305 8895 8916 11970 11979
commanded him ^ 4599 4750 5070
, so ^ 4601 9047 10366 12262
7 : ^ 4605 4635 4670 4698 4739 4752 4770 4804 4832 4857 4878 4924 4938 4981 5025 5050 5079 5110 5135 5161 5176 5215 5237 5295
thou and ^ 4615 11050
thy house ^ 4618 11646
have i ^ 4626 6116 10721 11219 11407
seven days ^ 4702 4865 5597 5658
forty days ^ 4715 4933 5085 5466
substance that ^ 4724 8401
the flood ^ 4762 4802 4872 5082 6791 6843 7490 7795
went in ^ 4774 4835 5029 5055 5058 10900
his sons ^ 4778 4786 4972 5855 5863 6028 6246
with him ^ 4790 5290 5327 5867 6248 8364 8923 9572 9982 11353 11861 11951 12097
two and ^ 4837 5037 7954
, as ^ 4851 5066 5988 7195 7424 7514 8352 9222 11713 12009 12265
month , ^ 4894 4901 5408 5416 5438 5446 5693 5700 5741 5751
the fountains ^ 4908 5351
the great ^ 4911 10733
and shem ^ 4947 6660 7800
and ham ^ 4950 6568 6574 6637
japheth , ^ 4954 6767
the three ^ 4968 6585
with them ^ 4974 8204 9692 12591
, every ^ 5019 5874 11609 11986
that went ^ 5054 6558
, went ^ 5057 5893
him : ^ 5071 5868 8365 8882 12146
him in ^ 5077 5291 5328 5620 12106
lift up ^ 5105 9312 10106 12131
that were ^ 5152 5288 9570 9980 11971 11980
heaven , ^ 5157 10346
, were ^ 5158 5447 6564 12094
the mountains ^ 5172 5419 5452
, both ^ 5187 5253 5809
fowl , ^ 5190 5812 5881 5922 6288
every man ^ 5212 6176 11172 11176 11562 11610
: all ^ 5216 7408 9525
land , ^ 5234 10725
substance was ^ 5242 9044
which was ^ 5245 12431
8 : ^ 5309 5349 5373 5399 5423 5455 5482 5508 5534 5590 5612 5651 5675 5735 5757 5767 5792 5847 5870 5900 5931 5993
made a ^ 5335 10710
until the ^ 5430 5498
sent forth ^ 5486 5512 5603 5662
which went ^ 5491 9011 10182
went forth ^ 5492 5851 5894 6559 7054 8202 8419
up from ^ 5503 5706 11957 12579
the dove ^ 5537 5605 5615 5664
of her ^ 5545 11748 11772
and took ^ 5577 5911
her , ^ 5579 8737 8868 11001 11079 11102 11129 11208 11740 11756
in her ^ 5629 10922 10960
was an ^ 5632 7783
not again ^ 5669 5951
any more ^ 5673 5956 5983 6337 6349 11388
and looked ^ 5721 12135 12583
spake unto ^ 5761 6240 11206
: go ^ 5768 7682
forth with ^ 5795 8203
is with ^ 5802 6282 6383 11369
; that ^ 5828 12677
: every ^ 5871 6099
the altar ^ 5929 8983
from his ^ 5974 6708 11697
; neither ^ 5977 6345
9 : ^ 6021 6046 6098 6122 6141 6188 6214 6236 6253 6274 6319 6358 6391 6417 6445 6481 6520 6550 6581 6599 6615 6635 6658 6703 6722 6742 6762 6785 6798
of you ^ 6051 6056
you and ^ 6052 6377 6459 11555
be upon ^ 6059 10935
upon every ^ 6060 6068
upon all ^ 6075 6084
you ; ^ 6109 6272 6302
even as ^ 6111 7014 9209
as the ^ 6112 8353 9210 9368
the life ^ 6127 6184
, shall ^ 6136 11791 12501 12605
of your ^ 6147 11578
hand of ^ 6156 6168 6174 9922
, by ^ 6196 9903 11026
and you ^ 6216 6376 6458 11554 11593
you , ^ 6217 6265 6284 6328 6385 11608 12210
covenant with ^ 6263 6326 10712 11860
with you ^ 6264 6283 6301 6327 6384
and with ^ 6267 6276 9497 9709 11868
shall all ^ 6331 8339
by the ^ 6339 9611 11027
token of ^ 6367 6408 6531 11587
me and ^ 6375 6413 6457 6541 9109 10968 11332 11445 11553 11592
: i ^ 6392 10222 10829 10938 12718
i do ^ 6393 12614
for a ^ 6406 11401
a covenant ^ 6410 10711
covenant between ^ 6411 6505 11330 11443
covenant , ^ 6452 6534 11459 11545 11866
is between ^ 6455 11241
become a ^ 6474 12624
look upon ^ 6495 8629
everlasting covenant ^ 6504 11458 11673 11865
of canaan ^ 6579 6642 8217 8426 8433 9261 10882 11501
his tent ^ 6633 8517 8964 9276 9427
of their ^ 6684 12002
their father ^ 6685 6698
and their ^ 6688 7418
not their ^ 6697 10579
done unto ^ 6719 8825
canaan ; ^ 6730 8218 8427
shall he ^ 6736 11907
his brethren ^ 6740 11193
blessed be ^ 6748 10031 10049
of shem ^ 6753 6776 7281 7441 7779
and canaan ^ 6756 6779 6947 7121
10 : ^ 6816 6845 6871 6886 6903 6931 6949 6981 6998 7023 7048 7070 7085 7101 7119 7132 7146 7160 7184 7224 7249 7277 7297 7315 7326 7360 7376 7387 7398 7416 7435 7459
of japheth ^ 6849 7266
these were ^ 6906 7410 7481 9527 9850
divided in ^ 6913 7485
in their ^ 6914 6928 7241 7246 7452 7475 9601 11453 11537
; every ^ 6917 11561
their nations ^ 6929 7247 7457 7476
and mizraim ^ 6941 7087
sheba , ^ 6977 7396
a mighty ^ 6992 7002
: wherefore ^ 7008 11230
of shinar ^ 7046 7530 9466 9719
and calah ^ 7067 7076
a great ^ 7082 8295 11916 12625
) and ^ 7116 9687
the canaanites ^ 7180 7190 10775
was from ^ 7192 7421
as thou ^ 7196 7205 7425 9223 12266
, unto ^ 7201 7208 8277 8450 8475 8959 9605 10717
sodom , ^ 7210 9495 9656 9805 10102
and gomorrah ^ 7212 9206 9749 9775 12704
gomorrah , ^ 7213 9207 9502 9662 9776
also , ^ 7253 9009 9950
brother of ^ 7265 9840 9845
even to ^ 7271 8956 10136
and arphaxad ^ 7289 7317 7818 7833
begat salah ^ 7319 7827 7838
and salah ^ 7322 7853 7865
begat eber ^ 7324 7860 7870
of one ^ 7338 7499 7504
all these ^ 7409 9526 10486
their generations ^ 7472 11454 11538
the nations ^ 7483 12633
11 : ^ 7492 7507 7537 7571 7617 7638 7681 7707 7733 7773 7798 7816 7830 7851 7863 7883 7897 7917 7929 7949 7963 7983 7995 8013 8027 8048 8064 8087 8108 8154 8165 8229
one language ^ 7500 7656
language , ^ 7501 7695
, go ^ 7545 7576 10833
go to ^ 7546 7577 7683 9155 9172 10628
they had ^ 7559 8403 8411
us a ^ 7583 7601
city and ^ 7585 7627
tower , ^ 7588 7630
name , ^ 7603 11262
we be ^ 7606 9122
came down ^ 7622 10516
the people ^ 7647 9953
they have ^ 7653 7676
to do ^ 7663 7679 12672
will be ^ 7669 11161 11169 11511
go down ^ 7688 12721
down , ^ 7689 10534 10681
there confound ^ 7692 7748
them abroad ^ 7713 7764
left off ^ 7727 11948
because the ^ 7744 11150 12699
begat arphaxad ^ 7790 7805
: 13 ^ 7831 9336
four hundred ^ 7840 7872 7906 10594
three years ^ 7843 7875 10450 10459 10467
begat peleg ^ 7894 7904
begat reu ^ 7926 7936
two hundred ^ 7938 7972 8004 8237
begat serug ^ 7960 7970
begat nahor ^ 7992 8002
and nahor ^ 8015 8030 8112
begat terah ^ 8024 8035
terah : ^ 8025 8072
abram , ^ 8058 8076 8256 8471 9014 9302 10080 10561 10714 10817 10931 11302 11392
and haran ^ 8062 8080 8083 8089
of terah ^ 8071 8234
and abram ^ 8110 8367 8383 8439 8552 8573 8901 8931 9092 10095 10235 10266 10850 11255 11271 11343
abram and ^ 8111 8815
milcah , ^ 8137 8147
of haran ^ 8141 8178 8379
haran , ^ 8142 8224
she had ^ 8161 10799 10914 10953
and lot ^ 8174 8361 8390 8921 9007 9178 9240 9264
and sarai ^ 8186 10813 10860 10927
sarai his ^ 8187 8386 8613
them from ^ 8205 12158
they came ^ 8221 8435
came unto ^ 8222 10209 10303
in haran ^ 8246 8414
12 : ^ 8248 8287 8318 8347 8381 8437 8464 8499 8550 8562 8591 8632 8670 8702 8729 8755 8790 8810 8839 8874
unto abram ^ 8255 8470 9301 10079 10210 10560 10816 10930
house , ^ 8276 9878 11623 11647 11976 12080 12085
unto a ^ 8278 8506 12322
thee : ^ 8285 8334 10937 11884
of thee ^ 8293 8700 11426 11434
thee a ^ 8294 11744 11842
nation , ^ 8297 10603 12629
make thy ^ 8306 9365
thy name ^ 8307 11386 11395
him that ^ 8331 11225 11798
be blessed ^ 8345 12639
went with ^ 8363 9012 10183 12590
abram was ^ 8368 8713 8932 11272 11290
when he ^ 8375 8599 12027 12048 12149
their substance ^ 8400 9043
the place ^ 8446 8961 8980 9321
the plain ^ 8452 9188 9235 9271 9435 9833
appeared unto ^ 8469 8496 12104
this land ^ 8482 10414 10724
bethel , ^ 8513 8958
and hai ^ 8526 8974
the south ^ 8560 8927 8954
went down ^ 8575 10680
into egypt ^ 8577 8606 8716
there ; ^ 8581 9755
was come ^ 8601 8714
egypt , ^ 8607 8717 8907 9221
the egyptians ^ 8642 8719
say , ^ 8651 8672 10156
they will ^ 8659 8665
i pray ^ 8674 9104 9137 10830 12193 12208
my sister ^ 8680 8848
and my ^ 8694 11663
soul shall ^ 8696 11692
when abram ^ 8712 9858 11289
that she ^ 8724 8834 10913 10952
his house ^ 8798 11975 12079
with great ^ 8800 10620
of sarai ^ 8804 10856
called abram ^ 8814 11391
is my ^ 8847 11543
her to ^ 8855 10887
to me ^ 8856 10272
, take ^ 8866 10444
away , ^ 8888 12191
13 : ^ 8899 8929 8945 8977 9005 9024 9055 9090 9125 9176 9228 9254 9280 9295 9337 9360 9395 9422
of egypt ^ 8906 9220 10730
on his ^ 8950 11346
, between ^ 8971 9107 11551
abram called ^ 8997 11256
with abram ^ 9013 9853 10713
able to ^ 9031 10356
dwell together ^ 9039 9053
great , ^ 9046 12707
so that ^ 9048 9375
abram said ^ 9093 10096 10236 10267 10974
lot , ^ 9096 9792 9941
: is ^ 9126 12515
before thee ^ 9132 11829
me : ^ 9142 11213
take the ^ 9147 10088
the left ^ 9148 9174 9920
him all ^ 9233 10485
toward sodom ^ 9278 12585
the men ^ 9283 10180 11990 12076 12576
of sodom ^ 9285 9494 9655 9747 9773 9960 10076 10101 12702
give it ^ 9351 9418
shall thy ^ 9389 10368 11385
be numbered ^ 9393 11115
it unto ^ 9419 12321
of mamre ^ 9437 9835 12110
14 : ^ 9453 9485 9524 9542 9557 9596 9614 9647 9700 9732 9765 9787 9813 9855 9890 9925 9955 9998 10021 10046 10071 10093 10126 10164
king of ^ 9465 9470 9475 9481 9493 9500 9505 9511 9517 9654 9660 9666 9672 9678 9705 9712 9718 9724 9959 10002 10075 10100
of nations ^ 9482 9713 11764
the king ^ 9516 9653 9659 9665 9671 9677 9704 9958 9993 10074 10099
is zoar ^ 9522 9684
the kings ^ 9568 9745 9978
the rephaims ^ 9577 10765
the wilderness ^ 9612 11024
the amorites ^ 9640 10661 10771
kings of ^ 9746 11767
the goods ^ 9771 9932 10089
, abram ^ 9793 10220 10521
servants , ^ 9872 9902
born in ^ 9874 10285 11620 11644 11973 12082
, three ^ 9879 12141
of damascus ^ 9923 10262
to meet ^ 9964 12156
into thy ^ 10061 10944
give me ^ 10082 10245
any thing ^ 10147 12517
that which ^ 10168 12685
15 : ^ 10199 10233 10264 10292 10331 10372 10389 10419 10437 10479 10510 10526 10555 10598 10623 10644 10667 10702 10741 10754 10768
i am ^ 10223 10397 11309 12472
wilt thou ^ 10243 11053
he that ^ 10317 11598 11617 11641 11650
, if ^ 10352 12178
him for ^ 10386 11862
give thee ^ 10412 11743
fell upon ^ 10539 10552 11778
a stranger ^ 10572 11495
shall serve ^ 10585 10607
come out ^ 10618 11432
the river ^ 10728 10737
16 : ^ 10785 10811 10858 10896 10925 10971 11008 11035 11069 11092 11119 11157 11195 11229 11246 11269
egyptian , ^ 10805 10871
my maid ^ 10837 10942
to her ^ 10888 10989
hagar , ^ 10903 11041
sarai , ^ 10977 11726
will multiply ^ 11105 11337 11900
bear a ^ 11139 12507
he will ^ 11160 12651
for she ^ 11215 12559
after him ^ 11224 11872 12659
hagar bare ^ 11249 11265 11281
to abram ^ 11284 11301
17 : ^ 11286 11323 11341 11358 11382 11411 11436 11474 11515 11540 11570 11595 11639 11675 11706 11734 11774 11816 11831 11874 11919 11944 11960 12016 12037 12058 12072
old and ^ 11294 11804 12023 12442
his face ^ 11347 11780
as for ^ 11361 11714 11877
nations of ^ 11425 12634
stranger , ^ 11496 11631 12093
shall keep ^ 11549 12664
man child ^ 11563 11611 11680
among you ^ 11565 11607
be circumcised ^ 11568 11605 11660
old shall ^ 11603 12475
in your ^ 11613 11668
bought with ^ 11626 11653 11982 12088
in thy ^ 11645 12185
money , ^ 11656 11985
circumcised , ^ 11689 12066
he hath ^ 11701 12687
her name ^ 11724 11731
sarah shall ^ 11729 11931 12542
a child ^ 11793 12508
sarah , ^ 11807 12279
shall bear ^ 11840 11932
with his ^ 11869 11983
from abraham ^ 11958 12609
18 : ^ 12099 12127 12171 12201 12227 12270 12302 12333 12370 12392 12435 12461 12486 12514 12547 12573 12599 12617 12643 12692 12717
the tent ^ 12117 12160 12276 12390 12427
stood by ^ 12144 12359
the time ^ 12406 12525 12536
and sarah ^ 12422 12439 12541
abraham that ^ 12610 12684
